1431
1271
1355
1065
985
1015
997
1011
1139
910
1008
978
966
1180
1025
955
956
1032
961
916
1069
889
885
942
1014
962
952
960
889
874
930
999
979
964
1090
1025
923
949
910
923
967
882
919
901
1208
1070
1028
946
978
887
3882
1033
940
957
921
991
949
894
895
889
967
966
950
980
960
1011
927
987
962
871
969
922
982
974
944
1204
1019
936
967
862
970
912
964
973
953
914
1018
976
956
914
950
979
977
977
956
940
1002
953
960
910
3930
1043
991
959
952
919
1335
989
955
870
962
1000
941
1007
983
972
1020
934
1018
931
1073
1021
973
997
956
944
1004
1026
960
938
1028
1023
995
972
978
875
1020
1099
969
870
896
929
1027
973
957
873
996
1214
998
875
3786
1019
955
998
974
898
890
999
947
870
880
1024
946
1010
897
898
996
894
1090
916
872
1041
936
992
957
940
1054
949
1194
898
923
926
1040
952
991
943
1064
955
960
917
862
911
979
979
919
958
980
960
964
894
3512
993
916
977
976
963
998
959
937
1121
1026
986
939
954
956
912
980
932
1070
910
959
974
991
977
919
859
1045
1039
1073
894
930
1063
982
966
940
953
1049
997
1072
905
1128
997
980
999
948
956
904
1042
1114
877
3882
1114
987
995
979
1001
983
967
949
866
1300
1009
1047
1089
1020
933
964
961
979
855
872
1098
977
968
994
895
1022
961
883
892
917
1177
1023
977
874
886
1059
935
939
871
985
963
979
904
950
963
1021
963
976
866
3941
897
1116
985
965
895
916
1048
1065
896
1036
998
1196
1005
959
975
967
1020
1010
915
1031
921
945
1040
948
1016
950
1040
1027
891
1019
978
994
973
939
952
965
954
954
911
983
934
1015
1275
991
902
989
954
914
875
4171
1035
1026
1018
1017
909
920
893
926
918
910
973
889
982
917
948
945
964
913
867
898
946
896
979
1193
921
918
945
956
861
955
969
879
967
936
935
931
954
1017
915
941
1025
966
988
957
1011
883
984
974
868
3277
934
976
974
881
1110
999
905
966
896
894
911
897
966
861
1076
914
868
972
860
976
941
869
991
947
949
966
965
890
895
884
994
918
964
849
880
1062
1050
966
896
943
944
865
976
918
1044
1179
999
931
862
4075
1010
973
982
874
1036
935
1013
907
904
855
967
894
965
948
1021
988
998
882
919
939
1035
859
1053
928
1009
980
1220
1042
899
921
1049
974
972
864
950
911
940
911
867
1051
960
972
963
976
879
879
950
900
880
4046
978
894
988
943
939
874
952
1201
901
998
969
947
944
962
948
1024
1081
1032
917
908
971
911
964
957
937
918
1021
1004
1002
1001
970
1033
901
1004
1065
947
1047
881
1130
902
938
967
876
931
965
850
883
904
1042
4077
957
965
961
960
1027
888
951
964
939
999
935
942
974
899
884
954
933
966
963
1189
1044
956
955
843
962
888
960
957
959
1132
1071
966
961
946
950
907
948
967
951
1033
996
936
993
950
949
1026
1028
1069
1010
3487
986
945
961
950
935
1025
1037
1033
1029
984
1178
958
956
943
892
1041
1043
1057
1048
1028
951
991
950
935
1025
934
1030
1052
1031
946
990
977
963
954
1023
932
939
970
935
944
967
1281
996
948
946
937
967
957
952
4100
1040
950
994
958
858
951
957
968
966
926
946
947
965
955
964
936
935
993
945
976
942
982
1201
1000
957
926
894
970
1000
946
948
914
985
993
955
958
954
963
976
964
936
945
974
943
965
956
943
955
940
1117
988
903
971
1112
959
954
956
970
973
947
883
885
952
1181
941
943
936
972
942
967
957
937
955
949
1004
952
902
972
949
959
971
952
926
865
1042
1046
1060
1144
1116
1097
1014
1019
978
1022
1396
1130
1050
1057
997
1131
956
898
956
941
1049
989
899
912
940
978
884
904
975
956
893
1019
997
923
1262
989
893
962
955
908
870
1188
932
896
945
941
953
955
889
948
949
953
971
917
969
960
979
944
957
961
959
946
1016
959
952
1031
949
944
1021
982
991
983
1253
1009
945
952
948
925
978
954
953
921
942
997
951
970
914
941
965
948
886
947
954
1086
936
946
975
931
965
952
936
951
928
1243
985
954
940
937
972
976
989
948
948
957
1018
992
953
940
936
952
936
900
949
962
972
956
949
948
990
964
945
966
949
957
1117
971
947
950
1002
946
966
949
950
960
1179
1003
915
994
959
973
930
951
971
927
940
1021
908
968
959
890
903
943
884
966
913
1038
965
949
956
906
957
953
938
958
945
1202
980
944
963
939
948
967
964
950
950
920
1008
978
982
943
894
917
938
977
902
943
916
914
971
943
899
950
846
938
905
965
1225
1070
924
991
987
982
964
959
973
1019
953
952
970
948
956
952
953
1004
944
949
970
930
972
944
952
945
1005
958
947
959
967
1182
970
958
880
909
963
954
946
942
951
949
985
956
972
959
947
957
987
889
891
887
935
887
898
898
896
891
902
