1346
1022
1063
915
991
915
933
995
916
1041
1005
958
1045
962
1029
965
1001
1031
941
999
1036
996
1068
946
988
949
915
1007
1009
940
920
909
1054
967
998
944
1001
1074
984
972
986
992
1019
998
1023
1003
915
1084
1008
953
970
995
1114
970
977
936
1000
1072
1011
1022
1013
1031
1065
972
1049
1032
1017
1121
1014
932
1027
1057
1006
963
970
1053
933
1025
1005
1003
939
948
1042
1035
1048
946
7430
1105
1001
1015
979
1001
1090
1008
995
1046
1031
1049
1103
1094
1071
1086
1156
1120
1121
1101
1022
1119
1039
1120
1038
943
1093
1057
934
988
1020
1069
1054
956
986
940
1044
1032
1001
1033
1032
1079
985
939
1065
1007
1036
1037
1014
1027
1004
1061
923
955
945
994
1077
989
976
1023
1033
1072
985
1023
955
976
1074
1045
1020
992
1010
1106
964
1003
1033
1003
1127
1009
1007
954
1022
1087
966
947
1007
965
1089
963
956
962
983
1042
959
1045
1028
963
1104
1034
1012
1002
967
1116
969
1018
1066
1071
1150
1075
1031
1129
1024
1083
1030
1004
1070
1028
1086
962
1104
1033
1028
1116
1025
969
1013
956
1039
948
1045
957
1011
1031
944
921
1014
957
1202
1068
1003
984
918
1003
969
905
996
1014
1100
989
955
948
997
1025
936
997
1059
1020
1124
970
1008
1038
1003
1047
982
986
1000
965
1033
1003
981
953
1011
988
977
951
1043
1001
998
1039
1007
976
1050
1009
1034
1025
1018
1004
1013
1048
1002
1029
999
1033
956
1059
1021
998
993
1027
990
1029
1000
1026
1038
1009
1031
1043
1034
1012
969
1137
1003
1034
1041
1078
1031
1019
1016
1024
1017
1045
1020
998
1039
1017
1052
1013
1004
1003
1001
1113
1089
1070
1041
1010
1122
1079
1022
1026
1046
976
966
1030
1014
993
999
990
1103
1030
1025
984
1005
1022
1026
1002
1008
994
1046
1020
1009
1029
1014
1012
1036
1018
1323
1038
1084
1037
991
1029
1012
1086
946
1015
929
1013
1097
1028
1039
918
991
1063
1017
924
989
923
1072
973
1015
999
1016
1008
937
987
1022
1016
1061
1004
995
975
1049
1000
943
1003
1017
943
1069
1012
1001
1103
1006
1088
951
1009
1018
979
1082
1025
1023
948
982
1167
1071
1050
1040
1035
1088
1051
1029
996
1013
1087
1041
1010
985
959
1093
968
929
981
1026
1088
955
978
1000
998
1093
995
1016
939
1015
1087
962
983
1006
1018
1074
986
1000
1071
1031
1098
1006
1034
931
975
1044
1006
1021
1035
990
1089
998
1062
943
970
1114
936
945
933
1004
1016
1038
1015
926
973
1092
1051
991
1027
965
1086
986
975
939
961
1095
1015
1026
990
958
1045
952
953
918
1007
1142
1007
1010
1056
1026
1162
1048
1108
958
1035
1090
1012
981
947
1066
1009
1029
980
989
1040
1081
993
1012
969
957
1035
980
939
948
947
1055
968
958
956
989
1020
966
968
939
934
1054
965
962
964
964
1020
1025
1037
941
1010
1080
954
959
1029
1016
1101
1028
1015
925
961
1051
994
1070
1030
1015
1075
1025
1011
930
1025
1087
1011
944
1000
997
1133
958
968
932
968
1121
1017
1008
1018
1010
1059
1076
1016
924
1020
1081
1018
975
1000
1017
1129
1009
1034
951
1052
1104
957
1017
1032
1014
1023
1114
926
980
997
1079
1008
999
1007
1076
1017
999
944
949
899
1105
965
1001
1023
1008
1060
1003
974
948
988
1079
971
990
948
1030
1035
1025
1005
943
965
1092
946
1012
938
1009
1093
1064
1016
952
1000
1030
947
1023
1029
1008
1107
1009
1471
1034
1018
1119
1023
1026
1032
1000
1118
1001
1044
959
1006
1089
1032
985
1036
1028
1060
1020
1028
968
1038
1119
1061
1041
1072
1076
1165
1033
1006
950
1019
1322
979
1024
1048
1016
1074
1008
1016
953
1011
1109
1011
1020
1142
1039
1117
1020
1036
1008
1032
1108
1032
1001
1039
1036
1028
1023
949
1027
1026
1075
1080
988
990
949
1022
996
1021
1042
944
1085
954
984
1008
1021
1099
1029
979
946
1019
1008
983
1027
1021
1031
1044
946
973
1018
939
1103
1017
1087
1107
1030
1099
1046
1019
941
1028
1095
1024
999
1040
938
1018
1042
1030
1022
1082
1133
979
1055
1024
1061
1098
1002
994
962
1029
1382
954
1013
1040
1035
1052
997
983
950
1012
1050
935
959
992
944
1026
948
982
936
1007
1090
1001
1029
1088
1032
1090
1030
1033
1025
1030
1103
1002
987
1000
1032
1096
1032
1024
1003
936
1028
983
966
943
936
1064
958
964
1025
962
1108
1018
1032
1033
951
1064
948
983
1024
967
1112
1031
1005
1045
940
1114
1026
1024
1027
1017
1098
1020
1017
1078
980
1030
945
939
954
1001
1095
1048
1033
1052
1044
1131
999
1025
1029
1023
1024
1013
1021
1033
1025
1081
1012
963
926
1035
1061
1033
1022
1039
957
1021
1037
1028
1069
908
1088
966
1020
1030
1005
1077
995
1016
1035
1006
1132
1023
1012
1196
1054
1118
1012
955
976
1009
1066
1019
1030
1025
1015
1099
1009
987
945
1021
1066
1053
1015
1040
978
1099
1034
1044
962
1018
1052
961
1048
1030
1020
1121
1033
1032
1025
997
1086
1015
1020
979
1025
1144
1058
1104
1087
1037
1121
1023
1091
1092
1026
1101
1022
1009
981
1032
1038
1008
1006
1027
1038
1106
1028
1024
1252
923
1332
1215
1263
1287
1258
1157
1032
976
1057
1015
1526
1029
1033
1000
1022
1137
1053
1034
1034
1006
1067
1026
1055
1025
1059
1110
1024
1020
1029
1043
1094
1018
1239
1262
1066
1103
1379
1342
