1470
1137
1070
972
1006
1052
1000
992
998
957
996
960
1009
1004
1029
999
959
1126
1060
1040
1031
1064
1075
1001
1051
999
1017
1041
997
969
1006
1036
1057
1026
992
972
944
1008
940
1000
981
1006
982
974
948
1012
954
1042
988
1015
3247
1141
1175
1002
957
984
982
1035
999
1109
1048
985
987
944
1033
976
1009
1026
992
993
912
950
1024
922
1000
998
956
1083
1019
1021
1017
976
1105
956
975
941
1028
987
1071
1016
905
997
1064
974
986
933
952
1001
946
966
3851
1026
1122
978
925
984
928
994
960
974
910
986
1002
996
913
1001
921
1105
907
996
951
1035
1052
1048
1104
972
1011
1062
974
1073
927
1058
1019
946
1005
1015
972
1117
983
997
973
1017
1022
938
1054
960
954
990
1003
988
3339
947
1051
975
913
904
946
1047
990
1087
978
1129
1105
1046
971
893
938
1037
1004
990
911
997
1043
1075
974
946
948
1037
1063
1012
997
1028
1069
948
913
890
944
1135
964
1089
877
1004
1026
914
950
962
992
1040
959
992
3897
1053
1013
914
930
910
986
1093
1037
1023
977
1002
1054
1004
951
955
1013
1130
1012
953
953
937
1049
938
926
952
1004
1098
1030
982
1003
1004
1120
947
1030
1024
1017
1005
990
987
995
977
1051
1001
969
1003
940
1057
1016
979
3356
1068
1093
1009
969
929
1000
1109
1060
1040
941
1065
1028
925
933
992
1007
1074
1039
1009
969
975
1070
975
1035
1060
1024
1109
995
970
1016
954
1052
942
947
978
1022
1163
1034
933
1039
974
1018
1017
999
895
964
1412
1245
1147
3852
1024
1058
908
897
897
836
1018
982
966
926
983
1031
968
934
870
953
981
1053
1052
970
952
1001
910
885
937
923
1160
1000
1052
1022
1016
1023
1004
1128
1028
991
1020
1006
969
989
1087
1047
1052
962
993
1022
1113
1063
991
3300
1083
1071
942
985
1041
1019
1079
965
986
1020
1049
1023
952
963
886
956
988
958
892
936
936
993
974
894
890
907
955
960
838
886
852
924
925
885
933
851
930
1001
977
973
1029
1052
1022
948
988
936
1090
1095
993
3812
1125
1040
859
866
940
993
892
929
877
930
898
1002
926
1000
940
986
1013
986
971
994
967
1069
965
1031
1005
952
958
906
1004
888
947
1061
917
912
968
925
947
1028
1157
1070
1043
1074
1042
1005
996
944
1072
985
1050
3317
1062
1133
1015
1032
930
1010
955
887
871
953
946
956
905
961
944
931
996
903
932
882
932
1047
905
974
868
897
926
934
901
898
922
912
932
898
923
950
936
869
883
827
900
991
1034
939
963
926
1045
1012
2842
3753
931
992
911
852
872
942
979
948
1003
965
1008
1040
974
908
901
890
943
885
896
881
959
1031
896
878
915
970
1035
957
957
985
964
1077
1016
965
1097
1031
1131
944
984
1125
1000
1019
929
874
921
886
960
891
890
3285
964
944
954
913
934
913
1018
871
926
874
942
907
902
963
874
965
932
912
879
973
953
997
986
999
975
988
920
937
909
896
890
978
866
893
1031
972
1167
1042
1059
1080
994
1062
926
896
864
934
1095
1041
992
3780
955
989
932
892
879
897
959
887
879
890
858
953
895
877
943
954
919
873
943
924
959
997
911
977
948
913
922
940
993
961
910
976
951
978
963
1346
1323
1060
1010
1035
958
1113
948
934
960
1000
1023
1005
864
3178
950
958
903
911
921
943
1073
1053
1086
960
1006
1061
945
934
852
890
11544
913
883
912
870
979
876
936
2355
936
951
872
968
939
891
1033
920
878
951
875
1140
973
909
921
891
932
888
969
862
1379
959
984
931
3787
1029
1041
912
907
913
940
987
971
941
957
939
986
883
946
927
887
1017
933
945
1016
996
1031
893
967
871
860
1003
920
870
956
932
939
874
899
1010
948
1032
880
967
1013
990
1145
950
932
973
993
1062
965
966
3255
1045
997
892
980
989
1004
1010
975
956
949
960
1023
900
1005
939
983
1042
1009
979
1020
1013
991
912
972
979
1002
1042
1005
980
961
973
991
961
982
878
919
1009
936
971
854
958
978
870
873
867
894
957
979
976
3891
1123
1066
897
972
954
1087
1087
994
979
980
971
945
868
926
948
927
947
898
934
872
857
987
916
944
965
946
1135
977
1000
974
1070
1132
881
971
952
966
1040
970
1070
1003
987
1014
882
980
979
987
1100
1034
1176
3637
1074
1177
933
957
987
1038
1119
906
1008
933
1016
1014
928
940
872
897
952
953
978
925
996
1037
878
939
949
961
1052
977
977
990
940
1100
921
989
1020
1024
1043
1008
974
1021
956
990
899
982
973
979
1025
1004
1065
4481
1244
1075
941
992
959
978
1058
1022
991
1028
948
1053
903
959
989
965
1057
979
973
980
958
1008
929
980
964
1001
999
956
970
972
980
979
909
967
942
943
1020
983
961
1013
974
1010
963
1064
1009
935
1029
994
966
3207
1179
1091
946
1007
1002
981
1038
975
1064
1006
1003
1000
901
982
948
954
1056
971
1004
976
951
998
906
962
958
944
1071
1099
956
940
962
1005
943
994
989
1045
1033
987
943
974
972
999
934
941
995
943
990
1009
987
