1307
1033
1018
1004
1018
1098
1097
1103
950
972
1094
1003
1009
1007
1035
1102
999
1086
1090
977
1070
1023
1091
1010
1051
1202
1176
1135
1142
1166
1166
1037
1009
1000
1118
1114
1029
997
1046
972
1164
1090
1129
1105
1126
1222
1108
1093
961
1099
1155
1104
1120
1013
1108
1091
1080
1083
1075
1016
1156
1059
1007
964
967
1097
1088
1031
1026
962
1141
1118
1008
1000
1030
994
1109
1087
1074
1093
1132
1096
1024
995
1020
1071
1029
1072
1045
969
1106
1011
932
930
1011
1129
1151
1030
1010
1022
1064
1005
1033
1028
1019
987
1082
1060
952
1025
1158
1088
1004
1007
1046
1097
1095
1088
1108
1013
1135
1120
1005
946
1095
1083
1085
1085
1084
1017
1139
1098
1008
1006
1106
1091
1090
1107
987
1036
1060
1003
1021
1006
1046
1049
1035
1031
1086
1013
1145
1116
1021
953
1183
1091
1059
972
1043
1014
1066
1020
1005
941
1170
1150
1094
1154
1153
1061
1108
1119
980
1042
1121
1091
1099
1115
1115
959
1065
1016
1016
1004
1045
1104
1112
1095
945
1289
1009
1077
1057
974
1032
1060
1170
1110
1116
32566
1111
1086
939
1010
1073
971
1100
1015
1098
1270
1108
1095
977
1038
1384
965
1088
1017
1082
1308
1023
1012
1006
1007
1043
1076
1096
985
1018
1338
1118
1094
1000
1007
1116
1091
1114
1013
1117
1329
1107
1231
1020
1039
1090
1060
1094
991
1089
1281
987
1108
982
963
1120
1101
1111
1001
996
1332
1028
1010
1011
997
1044
1113
1097
1009
1070
1336
1030
1012
991
998
1030
1025
1071
1039
1016
1235
1035
1007
997
1020
1110
1000
1104
1001
933
1239
1116
1086
975
1004
1106
1114
1133
1007
1091
1335
1111
1101
989
933
1054
1090
1098
1002
1106
1202
1040
1020
987
936
1023
1093
1112
994
1094
1231
1101
1102
990
1014
1146
1030
1142
1046
1153
1434
1116
1090
998
1004
1123
982
1015
1050
991
1244
1024
1008
967
1013
1039
1176
1106
985
1096
1231
1021
1017
984
1016
1017
1088
1086
980
1005
1320
1229
1188
1083
1093
1112
1086
1065
1027
1072
1047
1173
1180
1063
1072
1093
1049
1168
1056
1155
1082
1174
1204
1036
1145
1192
1172
1161
1031
1152
1132
1082
2184
1095
1096
1092
1249
1138
1015
1062
1083
1177
1174
1025
1071
1193
1165
1077
1028
1082
1106
1166
1182
1324
1085
1189
1163
1192
1070
1176
1094
1153
1051
1081
1074
1095
1156
1154
1024
1165
1090
1168
1169
964
1090
1091
1088
1078
928
1098
1030
1011
1032
975
991
1104
1019
1072
950
1080
1056
1094
1037
971
999
1100
1073
1014
1020
1004
1008
1002
990
945
1018
1115
1091
1106
963
1145
1072
1127
1084
982
1103
1106
50296
1103
956
1106
1008
994
1007
1003
1008
1109
1105
1116
1007
1083
1075
1050
1080
1012
1031
1110
1156
1102
993
1077
1032
1085
1001
961
999
1121
1067
1080
949
1109
1043
1072
967
1001
995
1100
1126
1131
1083
1115
1030
1005
1013
942
1000
1121
1094
1093
992
1098
1031
1071
1106
959
1026
1013
1004
1086
985
1061
1028
1055
1091
1005
1008
1110
1158
1093
1005
1107
1056
997
1177
968
941
996
972
957
921
947
1002
964
935
1002
997
999
1058
1075
937
1131
1006
1052
1015
919
1003
1078
1054
975
921
1063
967
1029
2848
927
907
943
899
940
943
1067
977
975
976
953
1070
1087
1385
1102
1008
1079
992
995
1023
984
1021
1064
1148
1125
961
1136
1065
1017
1024
932
1014
1097
1013
1088
945
1087
990
1079
1038
1029
1010
1079
1078
1072
929
1094
1008
1076
1014
935
1107
1117
982
1011
1010
1004
1059
1013
1054
976
1018
1016
2510
999
1005
1115
1006
1009
936
1007
1025
1096
1077
1094
933
1095
1013
1083
995
1008
991
1081
1073
1074
930
1092
1006
1097
1001
1016
984
994
1094
1059
927
1069
983
1076
990
985
989
997
985
1061
911
963
1005
1010
996
1025
981
996
4030
1106
1074
1070
1080
1080
994
968
1014
1159
1108
1063
999
1112
1396
1238
1470
1119
1053
1521
1356
1396
1219
1376
1631
1561
1439
1444
1497
1735
1497
1556
1417
1544
1766
1670
1668
1679
1566
1788
1540
1657
1620
1667
1794
1590
1471
1474
1437
1769
5455
1697
1575
1661
1764
1525
58189
1351
1325
1763
1531
1575
1572
1616
1737
1544
1437
1440
1392
1772
1539
1641
1413
1589
1761
1573
1529
1499
1510
1753
1599
1599
1522
1625
1769
1487
1437
1404
1420
1762
1611
1672
1484
1652
1762
1590
1469
1457
1396
1771
5792
1702
1512
1628
1768
1569
1446
1421
1415
1762
1567
1640
1550
1674
1756
1566
1486
1469
1511
1774
1606
1693
1527
1612
1773
1697
1543
1472
1396
1826
1607
1721
1633
1689
1829
1726
1451
1413
3389
1758
1548
1567
1487
1593
1762
1580
1612
1509
1546
1753
5562
1709
1509
1575
1746
1649
1521
1550
1481
1745
1620
1630
7136
1725
1743
1516
1466
1444
1427
1757
1580
1588
1568
1617
1765
1564
1620
1477
1388
1736
1533
1569
1505
1552
1739
1645
1473
1467
1522
1737
1566
1649
1575
1627
1735
1557
1371
1389
1436
1738
5280
1744
1456
1630
1746
1532
1487
1476
1442
1758
1573
1622
1474
1622
1767
1521
1452
1366
1376
1767
1628
1654
1540
1626
1802
1566
1540
1476
1515
1785
1571
1658
1478
1634
1777
1734
1429
1407
1451
1757
1593
1768
1536
1640
1768
1712
1553
1490
1458
1768
4927
1691
1523
1611
1765
1549
1521
1470
1515
1764
1617
1635
1521
1652
1766
1534
1405
1394
1432
1784
1471
1663
1504
1672
1762
1580
1439
1462
1510
1740
1561
1640
1557
1629
2018
1827
1747
1759
1743
1836
1777
1725
1676
1645
1786
1462
1464
1421
1425
3482
4610
1124
1015
993
1265
