1478
1048
1270
1318
914
985
990
970
1293
1288
1115
1008
1019
1082
1238
1175
1151
1003
1076
965
971
1240
1297
1103
941
1011
943
1275
1140
955
995
1013
1001
1397
1243
1159
1027
1012
1070
937
1320
1140
1017
1119
971
1011
1268
1139
1200
1001
1039
993
1072
1148
1190
975
1010
992
1066
1373
1245
986
982
1026
1034
1290
1178
1152
1066
1016
1011
1068
1227
1234
1104
945
906
933
1236
1146
953
938
909
1002
1327
1256
1058
1010
1056
942
1125
1439
1251
1016
926
923
938
1257
1167
1018
977
980
917
1389
1091
1233
946
942
1045
920
1257
1149
1062
1063
928
935
1252
1109
1220
954
919
923
917
1197
1195
995
907
975
1092
1320
1184
1061
1020
1101
1023
1258
1132
1081
1099
985
979
987
1384
1382
960
1028
993
1072
6080
1231
999
923
1005
1093
1554
1269
1306
989
1082
1001
980
1458
1339
1101
1020
980
1008
1381
1352
1116
1038
1023
1043
1097
1259
1381
987
945
1037
916
1326
1276
1054
1035
1007
975
1287
1068
1251
1031
1002
998
995
1291
1213
1142
994
1013
6177
1558
1365
987
1094
1155
957
1539
1310
1239
1042
993
1016
1014
1412
1387
1028
971
998
1022
1367
1253
1059
931
939
1097
1294
1312
1317
1018
1032
1031
1010
1380
1340
1090
1011
1005
1015
1329
1214
1195
1008
969
996
1089
1262
1282
1162
1073
5381
1002
1322
1204
1020
1078
1019
1070
1386
1164
1187
1023
1018
996
946
1553
1367
988
949
949
1066
1276
4434
1063
1016
1030
1085
1555
1565
1486
1379
982
1006
1205
1554
1612
1280
1212
1205
1184
1504
1342
1272
1169
1126
1127
1024
1156
1344
936
4902
1041
1014
1223
1264
1264
1016
1052
989
1223
1197
1126
923
926
926
1064
1253
1147
963
960
1058
1006
1250
1141
1071
1021
981
999
1589
1219
1334
978
962
997
1007
1324
1250
1073
969
934
1089
1363
1258
1153
1030
1001
1099
940
1420
1314
7137
1013
942
1007
1455
1501
1118
976
1039
1066
1322
1258
1137
971
971
1043
1132
1353
1303
947
1040
999
947
1339
1226
1076
1020
1047
976
1585
1276
1287
992
978
1017
1041
1389
1249
1018
1009
1087
1006
1372
1064
1199
1005
968
946
948
1146
5095
1057
971
965
985
1269
1248
1076
960
1083
1155
1278
1065
1100
937
1025
946
964
1164
1158
1040
963
942
952
1281
1146
966
959
966
961
1255
1118
1130
1083
1093
1163
1089
1518
1368
1116
1014
1103
949
1382
1213
1153
991
967
935
1401
4863
1303
1085
1026
985
1102
1331
1324
1100
1021
1072
997
1321
1098
1032
1033
1029
1032
1026
1238
1225
1048
1014
1003
1023
1323
1318
1137
961
959
1028
1258
1123
1122
969
1105
951
961
1275
1164
1054
996
1007
1052
1305
1182
1103
996
1094
1030
1340
1164
1293
1029
935
1119
1106
1422
1258
1046
1121
985
1007
1252
1101
1077
926
996
949
949
1222
1196
978
1006
954
1047
1416
1326
971
985
1036
972
1307
1161
1131
1067
972
1020
1018
1216
1347
947
971
948
1015
1312
1286
961
963
976
1089
1310
1277
1179
1037
1045
1015
1023
1455
1232
998
939
986
976
1321
1290
1034
949
934
1003
1521
1522
2094
941
953
1023
1006
1367
1310
1031
1093
1022
1023
1298
1152
1146
1023
1022
1011
993
1239
1206
1061
1005
1026
1103
1382
1332
997
955
1073
1082
1275
1146
1170
1079
982
951
953
1480
1273
1119
946
1056
1031
1388
1251
996
1237
996
1140
1424
1118
1247
996
1100
1032
1086
1261
1216
1079
1014
994
1014
1427
1383
1004
1016
1024
1066
1370
1259
1227
933
1027
1086
1033
1288
1277
1018
1076
1096
1011
1317
1184
1223
1032
1026
1043
933
1294
1320
972
941
911
1113
1246
1143
972
1025
1077
1078
1307
1171
1105
1083
976
958
1020
1424
1394
946
1014
994
1035
1324
1186
1143
1059
1017
1094
1462
1221
1148
1144
1127
1048
1042
1348
1209
1099
1109
1037
1039
1261
1164
1167
996
1087
1001
1033
1235
1282
989
943
1089
1029
1393
1335
1091
1028
1031
1034
1375
1260
1281
1047
1012
963
1094
1388
1218
1110
1010
1028
1075
1330
1161
996
986
1085
1027
1451
1256
1381
1037
1043
938
983
1346
1151
1028
985
1007
921
1264
1176
1041
1036
1011
1108
1513
1315
1408
1029
1073
1105
1065
1484
1360
1123
1019
1011
1020
1317
1392
1245
987
1002
1072
1082
1245
1324
1138
1027
1094
972
1371
1374
1091
1094
1039
955
1285
1104
1130
955
936
1031
1011
1407
1402
1112
1011
964
1017
1276
1132
980
2671
1026
933
1285
1113
1258
1092
1048
1038
1012
1327
1173
1035
1023
939
1005
1280
1140
1215
1010
1031
1086
977
1380
1342
1122
1122
968
1031
1310
1158
1101
1018
947
1072
1358
1189
1102
1014
972
1008
1109
1312
1149
957
968
1086
1045
1316
1228
1087
1181
1014
1015
1369
1164
1348
1048
992
1001
1022
1348
1333
1019
1019
1058
1023
1267
1119
1035
1017
1089
1014
1427
1312
1306
1018
1006
1027
1043
1306
1155
955
982
946
962
1230
1157
1109
1025
1025
1059
5662
1163
1323
1022
992
935
944
1299
1187
1061
1034
1082
1001
1384
1299
1182
1075
982
1019
1097
1434
1325
1066
954
1057
1053
1311
1302
1050
1039
997
1021
1334
1216
1144
1583
1031
1034
1091
1379
1287
986
1006
1065
1106
1305
1457
1077
1045
1080
5851
1006
1205
1241
1055
950
1021
1068
1365
1165
951
952
1014
1024
1445
1295
1098
1015
950
1101
1034
1313
1212
1030
1113
971
1007
1317
1128
1208
1027
1032
931
1389
1291
1313
1018
1098
987
1149
1432
1294
1100
1004
1106
1009
1356
1302
1184
1209
5222
