1183
965
926
902
890
975
876
968
984
926
1015
921
897
932
844
945
890
906
854
905
946
913
926
865
902
934
851
1012
973
983
1020
993
989
904
907
870
885
887
974
969
906
920
895
904
878
941
907
902
963
916
1093
876
914
988
914
955
891
905
837
917
949
894
927
910
818
922
896
934
1010
976
926
842
911
916
950
952
913
893
904
834
883
931
889
919
914
966
890
899
902
971
932
922
892
871
886
912
875
884
885
984
989
904
896
899
997
988
984
935
893
886
977
889
954
907
909
1006
987
972
904
899
954
912
893
908
899
879
900
935
967
1022
979
968
948
937
957
1030
933
925
919
918
922
931
909
903
909
935
915
900
892
972
1022
871
869
906
918
944
926
936
906
893
932
883
885
900
833
915
988
891
959
982
977
898
890
951
959
962
946
973
850
912
911
945
889
909
907
922
896
914
897
985
958
887
862
920
886
935
904
950
895
918
1256
924
940
897
913
932
993
985
916
996
891
995
971
917
944
972
915
996
944
1001
923
926
904
893
907
997
980
999
992
886
880
921
863
881
983
984
995
993
1012
1014
863
914
948
916
920
868
917
917
893
948
978
998
1001
903
918
931
907
908
975
939
942
937
876
941
909
997
989
883
866
908
944
906
952
1018
1018
993
942
1002
998
892
970
934
896
906
976
904
1002
917
995
975
941
992
919
911
937
885
961
931
892
972
982
942
974
1001
988
1013
993
977
919
933
932
947
899
911
909
903
923
890
992
989
923
857
965
984
1011
972
915
1009
1000
928
942
914
959
924
981
1042
1039
956
911
939
944
1005
899
936
901
936
900
987
984
987
1032
917
899
932
914
986
889
943
996
1002
921
915
907
977
998
968
878
978
993
918
945
909
869
898
910
905
911
946
896
916
910
912
928
887
930
923
899
996
989
1004
940
921
900
854
904
1017
946
969
920
910
1022
958
983
970
970
935
856
907
1032
1039
971
932
951
939
976
923
1012
1006
990
936
890
1028
922
898
1065
998
1001
926
980
1001
921
929
841
847
900
863
886
884
912
923
901
939
917
884
907
914
856
924
898
916
995
929
923
842
921
930
923
927
921
910
858
902
951
917
919
906
842
859
918
938
918
931
906
923
870
931
933
917
943
918
938
874
911
916
913
899
907
861
926
898
908
916
909
841
834
871
874
840
918
901
918
857
870
844
860
861
859
879
854
842
851
927
827
858
819
918
867
925
849
1227
944
933
943
909
874
870
892
966
911
908
841
916
931
898
869
907
912
949
922
909
892
922
911
911
868
892
884
886
858
1001
1022
971
899
885
923
931
913
926
936
935
911
916
926
927
914
992
910
903
904
923
926
924
936
902
843
837
826
823
844
854
848
845
877
843
871
852
879
858
864
828
837
876
833
872
817
931
905
891
855
819
971
920
906
923
896
955
921
925
902
839
930
928
910
908
964
921
943
922
909
908
920
876
859
902
892
893
918
913
901
911
894
861
871
827
906
918
872
918
851
878
893
908
818
884
922
906
907
898
910
944
1003
939
908
893
874
875
863
826
930
904
910
898
891
889
917
870
837
897
910
914
938
908
922
906
924
884
898
953
912
937
924
927
900
904
918
926
989
959
944
997
962
934
924
940
917
912
912
905
930
911
995
907
905
921
896
920
907
932
913
889
932
919
924
896
934
902
926
905
903
852
922
922
858
822
918
918
921
942
881
840
866
907
836
965
821
915
841
936
859
879
912
901
875
895
863
822
909
860
868
904
923
920
837
892
885
924
895
900
902
836
928
917
871
908
868
907
832
912
870
899
873
916
894
859
871
930
865
942
862
878
854
898
883
900
877
893
878
835
896
882
910
920
852
924
869
887
926
913
926
915
981
844
906
889
876
925
940
905
842
874
891
914
908
920
867
862
901
939
879
924
926
924
842
894
912
905
982
927
1333
1039
951
936
939
934
924
844
923
943
864
875
860
922
924
906
907
935
915
926
867
833
987
912
936
926
932
942
899
967
903
954
925
903
874
919
920
933
920
906
921
878
889
913
920
897
878
931
866
926
946
866
928
917
904
902
923
939
897
873
861
900
917
911
856
909
905
835
904
915
918
897
1009
944
884
931
876
864
914
924
993
888
910
910
910
944
953
924
861
913
875
905
915
948
950
905
901
938
884
943
879
933
925
940
856
912
911
905
926
931
892
908
923
929
908
941
939
948
926
922
900
888
6456
1139
1004
906
934
855
939
955
863
883
925
940
918
893
963
939
953
948
970
966
922
906
905
905
894
915
945
927
883
873
906
945
916
844
861
916
838
1017
941
926
906
979
926
903
899
885
948
885
940
922
