350
198
193
191
192
192
193
194
194
192
192
193
193
191
192
192
189
193
191
194
197
195
193
192
192
192
195
192
192
194
193
194
194
192
192
193
193
193
192
191
193
195
193
192
192
194
193
191
196
192
194
191
193
191
191
193
195
193
192
191
193
195
194
192
191
192
195
192
187
191
192
194
193
191
192
191
230
223
227
226
226
231
225
227
226
226
229
192
193
192
193
197
194
192
191
193
199
193
192
189
194
194
195
195
193
189
190
193
193
192
194
195
194
193
196
189
195
193
192
193
195
194
193
195
193
194
191
194
193
188
194
195
194
195
193
188
195
193
193
193
194
195
194
196
195
195
195
193
193
192
194
194
197
192
195
190
190
193
192
192
194
195
193
193
195
194
195
193
192
193
193
194
194
192
191
189
190
193
192
192
193
195
194
193
193
194
195
194
192
193
193
195
193
193
192
194
195
193
192
192
194
195
193
191
193
193
196
195
197
193
194
196
194
193
188
194
196
193
193
193
196
195
194
188
188
194
194
196
193
192
194
195
193
192
192
193
195
194
197
192
194
195
193
188
188
194
195
195
194
193
194
195
193
192
192
193
194
193
195
193
194
196
193
192
193
195
195
193
194
195
194
195
194
192
192
194
194
189
192
194
193
196
193
193
193
194
196
193
192
195
195
194
194
192
192
194
194
194
193
195
193
194
194
194
192
193
195
193
193
193
195
195
194
192
193
189
189
194
193
193
195
195
193
193
192
188
195
193
193
192
194
196
194
194
193
194
194
194
193
193
194
195
194
193
192
189
195
193
192
193
194
196
195
194
193
194
194
194
193
192
194
194
199
191
193
189
194
194
192
193
194
190
195
194
193
194
196
194
193
192
193
194
194
195
193
189
193
193
194
192
192
191
189
195
194
193
194
192
193
193
193
195
194
195
192
193
194
193
193
192
194
194
193
189
195
194
195
194
193
193
194
195
194
192
195
195
195
193
193
192
194
195
194
188
193
194
194
194
196
192
189
195
193
193
193
195
195
193
192
187
193
195
193
193
192
198
196
194
192
193
188
195
193
192
193
193
196
192
192
187
192
196
193
193
196
193
196
195
194
193
189
194
194
193
192
193
193
195
193
188
193
193
195
193
193
193
193
196
195
192
194
193
195
192
193
193
192
191
184
193
193
194
195
193
193
194
192
190
195
195
195
192
195
192
192
194
192
195
190
193
194
193
195
193
193
193
192
189
192
196
193
193
195
193
193
194
192
195
192
194
194
192
195
193
193
194
193
190
188
195
195
189
195
192
192
194
192
195
192
192
195
192
194
192
192
194
191
195
188
193
194
191
195
193
192
193
192
194
193
192
194
190
196
193
192
196
192
232
227
227
227
230
230
227
226
223
227
228
193
188
193
195
194
193
193
193
193
196
193
192
194
193
197
196
193
193
193
195
194
193
193
193
196
194
193
194
192
195
195
188
193
193
195
196
193
194
192
196
193
192
194
192
194
195
193
193
193
195
193
188
192
192
195
195
196
193
192
196
193
192
194
192
195
194
195
193
194
194
193
188
193
193
195
193
196
191
193
196
195
193
194
193
195
187
193
195
193
196
193
193
194
192
195
192
193
195
194
195
193
194
193
193
195
192
192
195
192
196
193
193
194
194
195
193
192
193
194
192
193
192
193
193
195
188
192
193
194
194
193
193
193
192
194
193
193
193
193
192
193
192
194
192
195
188
188
194
193
195
193
193
192
192
195
193
192
193
192
197
195
193
194
192
195
188
188
193
192
195
195
193
188
192
194
192
192
193
192
195
194
194
194
194
195
188
189
194
193
194
193
195
193
192
195
193
193
193
193
195
193
195
194
193
195
193
192
195
193
195
193
195
195
187
195
193
192
195
193
195
193
193
194
194
195
194
196
194
192
195
193
193
196
188
191
192
192
193
193
195
194
192
193
196
195
193
193
193
192
195
193
193
193
194
191
193
193
193
192
196
193
193
193
193
196
194
193
189
193
195
191
193
193
193
196
194
193
193
192
195
196
195
195
192
196
195
193
189
192
195
195
192
189
193
195
194
193
193
192
196
193
192
193
192
194
194
195
194
193
196
193
192
195
194
195
194
192
194
191
196
193
192
195
193
195
192
193
195
194
195
192
191
194
192
194
188
194
193
192
195
193
192
193
193
196
192
192
195
193
197
192
192
194
192
195
189
189
195
192
195
193
192
193
193
194
193
192
195
195
195
193
193
193
193
195
188
192
193
195
195
194
192
194
193
194
193
192
193
195
198
194
192
