4479
4452
4446
4451
4444
4449
4449
4444
4445
4449
4450
4477
4468
4466
4463
4491
4463
4473
4462
4467
4464
4463
4465
4464
4464
4460
4464
4463
4468
4471
4464
4466
4473
4464
4464
4469
4464
4464
4466
4467
4467
4464
4465
4462
4468
4525
4464
4465
4464
4464
4464
4461
4469
4464
4469
4462
4464
4464
4466
4474
4469
4468
4470
4467
4469
4469
4464
4468
4469
4469
4466
4467
4468
4468
4463
4523
4464
4472
4465
4462
4462
4469
4464
4467
4464
4469
4469
4471
4463
4464
4467
4467
4469
4466
4464
4462
4463
4470
4469
4465
