4509
4461
4455
4458
4452
4457
4457
4452
4453
4457
4479
4485
4476
4474
4472
4516
4473
4481
4472
4475
4472
4471
4473
4473
4472
4469
4472
4471
4476
4479
4472
4475
4481
4472
4472
4477
4471
4472
4475
4476
4476
4472
4473
4470
4476
4552
4474
4474
4473
4472
4472
4469
4476
4472
4477
4470
4472
4473
4474
4482
4478
4478
4479
4474
4477
4477
4472
4476
4477
4477
4475
4475
4476
4476
4471
4551
4474
4480
4473
4469
4471
4477
4473
4475
4472
4477
4477
4480
4472
4472
4474
4475
4478
4474
4472
4470
4471
4478
4477
4473
