1065
564
499
488
473
456
546
488
534
524
632
502
466
494
493
425
411
468
513
508
421
422
511
510
503
514
460
573
503
499
500
422
547
499
406
454
464
414
615
699
540
487
550
492
497
455
451
521
511
491
497
525
579
450
501
574
698
716
653
581
561
507
453
571
486
497
409
555
566
514
519
464
483
571
456
490
493
493
511
551
529
498
474
658
567
501
423
505
506
558
512
595
540
508
664
514
446
488
499
556
501
531
539
512
683
569
409
493
492
556
509
521
522
572
588
519
413
510
491
547
524
545
496
518
424
708
505
500
429
539
540
569
568
548
485
509
573
602
559
541
509
527
500
494
531
478
710
496
547
516
494
523
501
569
601
561
443
538
554
513
505
499
481
510
491
490
413
551
546
457
514
511
484
614
566
566
502
702
512
515
468
507
484
503
489
446
445
503
518
502
484
500
508
501
482
458
430
525
671
612
515
444
650
524
496
451
469
682
525
561
457
493
503
479
573
442
463
480
565
756
562
483
499
500
427
486
567
588
558
487
568
498
422
491
495
466
469
457
564
476
722
549
483
495
475
498
492
505
590
422
527
558
509
495
475
537
691
501
556
496
525
657
556
491
501
501
498
505
557
542
527
485
572
484
502
421
565
578
545
497
608
482
533
514
510
413
495
502
545
496
604
483
782
636
578
414
568
545
536
506
591
504
633
571
501
404
500
632
547
489
660
558
489
679
604
406
506
536
540
498
516
559
588
513
485
435
457
466
507
494
507
483
541
507
634
476
469
550
501
470
522
477
758
543
423
559
462
567
498
494
544
503
643
632
415
538
599
500
511
408
538
491
489
643
422
415
592
472
449
462
498
568
572
767
576
455
661
564
496
511
506
471
494
473
443
569
491
567
510
411
505
484
573
542
412
467
500
680
551
498
513
493
495
540
559
583
569
555
504
513
511
504
419
559
562
490
723
550
694
557
489
498
502
495
504
500
606
656
557
554
582
480
479
473
488
564
500
553
483
604
566
505
510
537
496
567
586
584
479
436
578
436
511
496
404
498
482
543
564
499
484
496
473
505
406
507
617
537
542
569
609
569
483
498
401
576
635
515
541
516
486
541
504
497
440
493
558
507
487
569
529
470
608
441
453
468
550
559
415
535
496
580
557
466
504
462
521
518
403
510
560
503
675
483
441
446
494
510
411
493
580
486
479
565
605
568
509
499
445
485
482
574
564
447
556
504
555
502
490
488
500
623
582
408
754
574
558
462
469
490
515
475
532
428
520
597
608
449
471
507
493
497
573
558
421
675
578
492
498
491
461
529
494
580
466
516
565
513
639
506
531
484
567
492
596
510
616
574
508
509
501
576
565
556
500
576
631
493
508
477
517
483
503
563
569
552
507
666
560
476
536
471
664
497
494
531
546
502
561
492
543
494
498
592
553
595
569
501
586
599
517
505
636
591
601
546
546
492
709
570
502
517
500
447
575
608
556
471
498
564
526
481
510
489
555
551
523
448
503
510
566
497
414
431
418
482
501
441
503
513
520
513
413
412
427
477
604
452
613
468
702
808
425
657
666
592
643
482
482
503
568
510
462
496
430
538
502
467
473
451
586
641
586
562
508
522
485
497
440
552
511
584
616
514
497
509
498
504
489
559
550
465
611
568
501
553
478
508
476
465
582
483
494
565
519
559
458
491
479
493
636
602
580
760
632
482
499
494
482
562
507
538
503
428
621
559
498
496
476
579
586
606
575
443
470
566
492
500
482
507
504
483
545
572
775
559
480
495
489
566
601
591
603
572
535
565
497
498
491
482
528
563
565
649
540
684
567
510
495
496
509
485
572
607
551
482
509
505
456
495
491
511
503
492
545
506
703
565
502
494
486
453
382
516
512
513
419
560
495
493
561
455
461
495
501
570
431
726
556
492
520
402
452
441
504
525
507
657
692
420
509
465
459
466
555
429
497
493
660
565
514
504
522
472
543
471
500
512
483
553
598
517
497
551
519
483
471
529
491
520
514
464
485
491
526
472
429
557
495
702
623
437
519
460
570
488
498
513
498
563
624
648
474
522
603
506
501
486
527
487
461
637
573
499
572
528
504
498
622
575
457
563
499
499
554
478
505
443
496
618
581
655
562
470
498
487
512
487
483
599
481
527
479
573
547
506
500
492
496
476
656
559
621
578
552
663
512
486
493
493
664
457
560
530
503
525
502
479
554
569
505
547
583
738
606
502
505
482
488
570
496
438
467
547
563
417
458
490
506
508
442
837
699
518
671
473
504
502
487
496
