1000
485
475
471
464
445
398
451
445
484
621
391
470
469
479
471
472
435
398
397
505
502
474
480
404
390
401
425
507
420
473
434
379
391
383
463
457
379
365
424
431
411
461
605
423
478
399
406
413
427
496
391
770
478
393
410
430
474
402
472
676
634
537
439
419
423
475
475
412
418
446
466
435
462
471
389
457
398
403
435
441
454
408
413
421
659
408
402
393
411
451
744
443
422
406
422
425
467
445
460
445
435
399
422
405
410
442
591
410
485
418
522
494
438
402
392
395
422
409
443
429
391
404
412
431
417
415
401
449
546
422
375
407
417
537
465
466
507
491
415
487
468
452
486
480
409
406
417
482
469
550
473
460
419
439
472
480
468
490
468
501
481
472
465
493
489
533
414
422
512
593
472
440
477
467
465
480
441
396
401
495
450
466
481
489
475
459
484
488
409
688
403
424
420
471
410
493
453
435
410
491
439
403
478
478
465
460
463
410
436
422
408
606
435
485
454
464
465
445
381
454
405
428
534
409
439
462
470
478
446
484
484
371
484
394
412
418
447
445
427
495
424
391
478
407
462
395
467
404
459
496
489
477
493
484
555
490
477
472
473
485
468
473
490
481
414
463
460
460
412
514
412
465
474
484
482
377
464
487
474
551
484
473
470
483
393
494
467
414
403
416
393
392
380
469
389
606
524
499
389
568
466
474
463
470
414
467
596
407
481
488
470
463
512
464
419
485
397
462
403
424
410
390
423
418
471
463
436
475
392
452
439
479
453
413
384
545
457
450
462
492
481
407
413
461
454
442
450
442
391
498
406
511
433
447
421
421
462
419
444
435
407
415
460
476
438
394
452
416
393
400
446
453
449
415
433
409
415
527
752
428
403
479
413
408
404
445
409
429
405
474
436
411
384
416
444
500
411
430
444
484
433
436
463
476
449
391
503
419
474
499
397
396
401
392
402
442
426
474
393
424
464
557
398
419
396
454
475
461
397
446
388
398
386
424
462
400
473
404
474
505
490
485
419
449
382
487
455
463
454
541
420
393
637
634
643
481
429
384
396
451
554
471
463
530
433
510
453
391
472
502
474
443
482
392
408
472
414
444
425
481
391
433
384
539
476
483
425
408
406
475
410
485
475
421
392
404
423
422
429
469
404
549
457
439
423
477
394
528
474
516
423
434
423
402
394
483
443
423
417
444
407
434
412
418
434
409
421
440
457
481
479
406
418
398
484
402
426
440
387
433
491
480
475
389
588
465
454
399
406
467
401
406
408
416
426
400
482
444
448
503
523
480
462
385
406
461
485
417
423
460
391
395
433
481
392
390
397
392
377
500
508
415
393
422
438
375
478
535
442
414
412
394
377
466
473
379
428
416
450
546
431
415
514
456
437
381
405
386
437
481
477
404
465
480
459
404
418
568
415
449
455
482
481
636
488
426
405
395
568
446
410
428
418
494
434
478
421
394
432
462
482
445
475
482
482
504
471
500
436
511
447
486
450
458
430
418
433
419
397
558
422
423
437
431
457
480
476
396
478
604
515
424
493
475
470
471
483
476
435
506
485
490
410
1457
426
424
429
418
436
518
465
405
402
421
427
419
412
494
433
557
430
502
485
408
462
468
424
513
616
637
630
497
405
473
473
408
428
417
411
469
474
437
435
462
592
429
512
516
466
464
449
474
532
479
501
461
439
479
473
457
476
482
466
433
388
457
463
527
435
444
418
586
420
375
380
392
437
492
478
440
414
478
378
510
441
495
377
459
476
435
532
498
475
464
451
405
535
405
416
440
562
599
558
514
392
473
422
469
474
491
379
606
506
453
388
474
440
466
473
513
547
443
476
472
492
475
386
467
416
489
417
468
404
479
477
412
468
421
396
482
485
463
482
470
433
427
474
478
476
485
483
414
481
478
613
448
408
479
413
489
478
462
451
478
469
405
381
478
412
539
406
456
483
469
480
484
648
559
623
545
498
434
470
456
469
459
466
487
473
514
461
575
455
410
496
548
533
486
437
506
480
398
429
467
509
453
481
469
481
472
467
471
421
463
384
464
474
405
711
571
494
467
467
481
483
463
465
455
474
521
493
486
488
469
496
472
487
412
623
475
482
470
470
462
511
468
393
463
449
545
476
507
408
418
377
478
470
365
434
550
437
477
419
475
391
416
447
486
392
490
478
472
387
400
409
379
476
388
366
471
564
491
473
368
470
419
392
414
404
472
416
467
526
463
379
484
476
407
465
529
430
413
600
419
421
468
468
490
458
424
473
471
462
428
467
463
474
394
585
